---
generation: 3
last_run_time: 1609557031.18414
tests:
  TAP/lintTAPbash.sh:
    elapsed: 2.5236291885376
    gen: 3
    last_pass_time: 1609557030.28624
    last_result: 0
    last_run_time: 1609557030.28624
    last_todo: 0
    mtime: 1609517494
    seq: 8
    total_passes: 3
  TAP/lintTAPgit.sh:
    elapsed: 0.0140829086303711
    gen: 3
    last_pass_time: 1609557026.57497
    last_result: 0
    last_run_time: 1609557026.57497
    last_todo: 0
    mtime: 1609517494
    seq: 7
    total_passes: 3
  t/zdrop.c.sh:
    elapsed: 4.61304306983948
    gen: 3
    last_fail_time: 1609518054.30153
    last_pass_time: 1609557031.17752
    last_result: 0
    last_run_time: 1609557031.17752
    last_todo: 0
    mtime: 1609556868
    seq: 9
    total_failures: 1
    total_passes: 2
version: 1
...
