---
generation: 5
last_run_time: 1610599070.42463
tests:
  TAP/lintTAPbash.sh:
    elapsed: 0.239741086959839
    gen: 4
    last_pass_time: 1610599024.59349
    last_result: 0
    last_run_time: 1610599024.59349
    last_todo: 0
    mtime: 1610591384
    seq: 11
    total_passes: 4
  TAP/lintTAPgit.sh:
    elapsed: 0.0197649002075195
    gen: 4
    last_pass_time: 1610599024.36988
    last_result: 0
    last_run_time: 1610599024.36988
    last_todo: 0
    mtime: 1610591384
    seq: 10
    total_passes: 4
  t/zdrop.c.bat:
    elapsed: 3.04437780380249
    gen: 5
    last_pass_time: 1610599070.41636
    last_result: 0
    last_run_time: 1610599070.41636
    last_todo: 0
    seq: 13
    total_passes: 1
  t/zdrop.c.sh:
    elapsed: 6.83293390274048
    gen: 4
    last_fail_time: 1609518054.30153
    last_pass_time: 1610599031.66063
    last_result: 0
    last_run_time: 1610599031.66063
    last_todo: 0
    mtime: 1610592060
    seq: 12
    total_failures: 1
    total_passes: 3
version: 1
...
